[
  {
    "material": {"ambient": [0.1,0.1,0.1], "diffuse": [0.6,0.4,0.4], "specular": [0.3,0.3,0.3], "n": 11, "alpha": 1.0, "texture": "abe.png"}, 
    "vertices": [[-0.65, -0.65, 0.65],[-0.65, -0.4857, 0.65],[-0.4857,-0.4857,0.65],[-0.4857,-0.65,0.65],[-0.65, -0.65, 0.4857],[-0.65, -0.4857, 0.4857],[-0.4857,-0.4857,0.4857],[-0.4857,-0.65,0.4857]],
    "normals": [[0, 0, -1],[0, 0, -1],[0, 0, -1],[0, 0, -1],[0, 0, 1],[0, 0, 1],[0, 0, 1],[0, 0, 1]],
    "uvs": [[0,0], [0,1], [1,1], [1,0],[0,0], [0,1], [1,1], [1,0]],
    "triangles": [[0,1,2],[2,3,0],[4,5,6],[6,7,4],[0,4,5],[0,1,5],[1,5,2],[1,2,6],[2,6,3],[6,3,7],[0,4,7],[0,3,7]]
  } ,
    {
    "material": {"ambient": [0.1,0.1,0.1], "diffuse": [0.6,0.4,0.4], "specular": [0.3,0.3,0.3], "n": 11, "alpha": 1.0, "texture": ""}, 
    "vertices": [[-0.65, -0.65, 0.65],[-0.65, -0.4857, 0.65],[-0.4857,-0.4857,0.65],[-0.4857,-0.65,0.65],[-0.65, -0.65, 0.4857],[-0.65, -0.4857, 0.4857],[-0.4857,-0.4857,0.4857],[-0.4857,-0.65,0.4857]],
    "normals": [[0, 0, -1],[0, 0, -1],[0, 0, -1],[0, 0, -1],[0, 0, 1],[0, 0, 1],[0, 0, 1],[0, 0, 1]],
    "uvs": [[0,0], [0,1], [1,1], [1,0],[0,0], [0,1], [1,1], [1,0]],
    "triangles": [[0,1,2],[2,3,0],[4,5,6],[6,7,4],[0,4,5],[0,1,5],[1,5,2],[1,2,6],[2,6,3],[6,3,7],[0,4,7],[0,3,7]]
  } ,
   {
    "material": {"ambient": [0.1,0.1,0.1], "diffuse": [0.6,0.4,0.4], "specular": [0.3,0.3,0.3], "n": 11, "alpha": 1.0, "texture": ""}, 
    "vertices": [[-0.65, -0.65, 0.65],[-0.65, -0.4857, 0.65],[-0.4857,-0.4857,0.65],[-0.4857,-0.65,0.65],[-0.65, -0.65, 0.4857],[-0.65, -0.4857, 0.4857],[-0.4857,-0.4857,0.4857],[-0.4857,-0.65,0.4857]],
    "normals": [[0, 0, -1],[0, 0, -1],[0, 0, -1],[0, 0, -1],[0, 0, 1],[0, 0, 1],[0, 0, 1],[0, 0, 1]],
    "uvs": [[0,0], [0,1], [1,1], [1,0],[0,0], [0,1], [1,1], [1,0]],
    "triangles": [[0,1,2],[2,3,0],[4,5,6],[6,7,4],[0,4,5],[0,1,5],[1,5,2],[1,2,6],[2,6,3],[6,3,7],[0,4,7],[0,3,7]]
  } ,
   {
    "material": {"ambient": [0.1,0.1,0.1], "diffuse": [0.6,0.4,0.4], "specular": [0.3,0.3,0.3], "n": 11, "alpha": 1.0, "texture": ""}, 
    "vertices": [[-0.65, -0.65, 0.65],[-0.65, -0.4857, 0.65],[-0.4857,-0.4857,0.65],[-0.4857,-0.65,0.65],[-0.65, -0.65, 0.4857],[-0.65, -0.4857, 0.4857],[-0.4857,-0.4857,0.4857],[-0.4857,-0.65,0.4857]],
    "normals": [[0, 0, -1],[0, 0, -1],[0, 0, -1],[0, 0, -1],[0, 0, 1],[0, 0, 1],[0, 0, 1],[0, 0, 1]],
    "uvs": [[0,0], [0,1], [1,1], [1,0],[0,0], [0,1], [1,1], [1,0]],
    "triangles": [[0,1,2],[2,3,0],[4,5,6],[6,7,4],[0,4,5],[0,1,5],[1,5,2],[1,2,6],[2,6,3],[6,3,7],[0,4,7],[0,3,7]]
  },
     {
    "material": {"ambient": [0.1,0.1,0.1], "diffuse": [0.6,0.4,0.4], "specular": [0.3,0.3,0.3], "n": 11, "alpha": 1.0, "texture": ""}, 
    "vertices": [[-0.65, -0.65, 0.65],[-0.65, -0.4857, 0.65],[-0.2674,-0.4857,0.65],[-0.2674,-0.65,0.65],[-0.65, -0.65, 0.4857],[-0.65, -0.4857, 0.4857],[-0.2674,-0.4857,0.4857],[-0.2674,-0.65,0.4857]],
    "normals": [[0, 0, -1],[0, 0, -1],[0, 0, -1],[0, 0, -1],[0, 0, 1],[0, 0, 1],[0, 0, 1],[0, 0, 1]],
    "uvs": [[0,0], [0,1], [1,1], [1,0],[0,0], [0,1], [1,1], [1,0]],
    "triangles": [[0,1,2],[2,3,0],[4,5,6],[6,7,4],[0,4,5],[0,1,5],[1,5,2],[1,2,6],[2,6,3],[6,3,7],[0,4,7],[0,3,7]]
  },
       {
    "material": {"ambient": [0.1,0.1,0.1], "diffuse": [0.6,0.4,0.4], "specular": [0.3,0.3,0.3], "n": 11, "alpha": 1.0, "texture": ""}, 
    "vertices": [[-0.65, -0.65, 0.65],[-0.65, -0.4857, 0.65],[-0.2674,-0.4857,0.65],[-0.2674,-0.65,0.65],[-0.65, -0.65, 0.4857],[-0.65, -0.4857, 0.4857],[-0.2674,-0.4857,0.4857],[-0.2674,-0.65,0.4857]],
    "normals": [[0, 0, -1],[0, 0, -1],[0, 0, -1],[0, 0, -1],[0, 0, 1],[0, 0, 1],[0, 0, 1],[0, 0, 1]],
    "uvs": [[0,0], [0,1], [1,1], [1,0],[0,0], [0,1], [1,1], [1,0]],
    "triangles": [[0,1,2],[2,3,0],[4,5,6],[6,7,4],[0,4,5],[0,1,5],[1,5,2],[1,2,6],[2,6,3],[6,3,7],[0,4,7],[0,3,7]]
  },
       {
    "material": {"ambient": [0.1,0.1,0.1], "diffuse": [0.6,0.4,0.4], "specular": [0.3,0.3,0.3], "n": 11, "alpha": 1.0, "texture": ""}, 
    "vertices": [[-0.65, -0.65, 0.65],[-0.65, -0.4857, 0.65],[-0.2674,-0.4857,0.65],[-0.2674,-0.65,0.65],[-0.65, -0.65, 0.4857],[-0.65, -0.4857, 0.4857],[-0.2674,-0.4857,0.4857],[-0.2674-0.65,0.4857]],
    "normals": [[0, 0, -1],[0, 0, -1],[0, 0, -1],[0, 0, -1],[0, 0, 1],[0, 0, 1],[0, 0, 1],[0, 0, 1]],
    "uvs": [[0,0], [0,1], [1,1], [1,0],[0,0], [0,1], [1,1], [1,0]],
    "triangles": [[0,1,2],[2,3,0],[4,5,6],[6,7,4],[0,4,5],[0,1,5],[1,5,2],[1,2,6],[2,6,3],[6,3,7],[0,4,7],[0,3,7]]
  },
       {
    "material": {"ambient": [0.1,0.1,0.1], "diffuse": [0.6,0.4,0.4], "specular": [0.3,0.3,0.3], "n": 11, "alpha": 1.0, "texture": ""}, 
    "vertices": [[-0.65, -0.65, 0.65],[-0.65, -0.4857, 0.65],[-0.2674,-0.4857,0.65],[-0.2674,-0.65,0.65],[-0.65, -0.65, 0.4857],[-0.65, -0.4857, 0.4857],[-0.2674,-0.4857,0.4857],[-0.2674-0.65,0.4857]],
    "normals": [[0, 0, -1],[0, 0, -1],[0, 0, -1],[0, 0, -1],[0, 0, 1],[0, 0, 1],[0, 0, 1],[0, 0, 1]],
    "uvs": [[0,0], [0,1], [1,1], [1,0],[0,0], [0,1], [1,1], [1,0]],
    "triangles": [[0,1,2],[2,3,0],[4,5,6],[6,7,4],[0,4,5],[0,1,5],[1,5,2],[1,2,6],[2,6,3],[6,3,7],[0,4,7],[0,3,7]]
  },
       {
    "material": {"ambient": [0.1,0.1,0.1], "diffuse": [0.6,0.4,0.4], "specular": [0.3,0.3,0.3], "n": 11, "alpha": 1.0, "texture": ""}, 
    "vertices": [[-0.65, -0.65, 0.65],[-0.65, -0.4857, 0.65],[-0.2674,-0.4857,0.65],[-0.2674,-0.65,0.65],[-0.65, -0.65, 0.4857],[-0.65, -0.4857, 0.4857],[-0.2674,-0.4857,0.4857],[-0.2674,-0.65,0.4857]],
    "normals": [[0, 0, -1],[0, 0, -1],[0, 0, -1],[0, 0, -1],[0, 0, 1],[0, 0, 1],[0, 0, 1],[0, 0, 1]],
    "uvs": [[0,0], [0,1], [1,1], [1,0],[0,0], [0,1], [1,1], [1,0]],
    "triangles": [[0,1,2],[2,3,0],[4,5,6],[6,7,4],[0,4,5],[0,1,5],[1,5,2],[1,2,6],[2,6,3],[6,3,7],[0,4,7],[0,3,7]]
  },
       {
    "material": {"ambient": [0.1,0.1,0.1], "diffuse": [0.6,0.4,0.4], "specular": [0.3,0.3,0.3], "n": 11, "alpha": 1.0, "texture": ""}, 
    "vertices": [[-0.65, -0.65, 0.65],[-0.65, -0.4857, 0.65],[-0.2674,-0.4857,0.65],[-0.2674,-0.65,0.65],[-0.65, -0.65, 0.4857],[-0.65, -0.4857, 0.4857],[-0.2674,-0.4857,0.4857],[-0.2674,-0.65,0.4857]],
    "normals": [[0, 0, -1],[0, 0, -1],[0, 0, -1],[0, 0, -1],[0, 0, 1],[0, 0, 1],[0, 0, 1],[0, 0, 1]],
    "uvs": [[0,0], [0,1], [1,1], [1,0],[0,0], [0,1], [1,1], [1,0]],
    "triangles": [[0,1,2],[2,3,0],[4,5,6],[6,7,4],[0,4,5],[0,1,5],[1,5,2],[1,2,6],[2,6,3],[6,3,7],[0,4,7],[0,3,7]]
  },
       {
    "material": {"ambient": [0.1,0.1,0.1], "diffuse": [0.6,0.4,0.4], "specular": [0.3,0.3,0.3], "n": 11, "alpha": 1.0, "texture": ""}, 
    "vertices": [[-0.65, -0.65, 0.65],[-0.65, -0.4857, 0.65],[-0.2674,-0.4857,0.65],[-0.2674,-0.65,0.65],[-0.65, -0.65, 0.4857],[-0.65, -0.4857, 0.4857],[-0.2674,-0.4857,0.4857],[-0.2674,-0.65,0.4857]],
    "normals": [[0, 0, -1],[0, 0, -1],[0, 0, -1],[0, 0, -1],[0, 0, 1],[0, 0, 1],[0, 0, 1],[0, 0, 1]],
    "uvs": [[0,0], [0,1], [1,1], [1,0],[0,0], [0,1], [1,1], [1,0]],
    "triangles": [[0,1,2],[2,3,0],[4,5,6],[6,7,4],[0,4,5],[0,1,5],[1,5,2],[1,2,6],[2,6,3],[6,3,7],[0,4,7],[0,3,7]]
  }
]
